数据集                 PEMS04
总轮数                   200
平均预测训练时间(s)    7.97
总训练时间              21.35min
学习率                  1.00e-03

多步预测结果

步数    MAE        RMSE        MAPE
1      2.3354     4.0979      0.1045    
2      2.7003     5.0231      0.02      
3      2.777      5.5988      0.1242    
4      2.9925     5.9911      0.0806    
5      3.1691     6.273       0.0916    
6      3.1362     6.6802      0.0797    
7      3.3495     6.8735      0.1014    
8      3.2647     6.9847      0.0147    
9      3.3508     7.1812      0.0746    
10     3.4788     7.3756      0.1023    
11     3.4566     7.4738      0.0741    
12     3.5023     7.5481      0.1453    

整体结果

MAE        3.1253
RMSE       6.4273
MAPE       0.1528
