数据集                 PEMS07
总轮数                   200
平均预测训练时间(s)    7.97
总训练时间              21.35min
学习率                  1.00e-03

多步预测结果

步数    MAE        RMSE        MAPE
1      2.2395     3.9913      0.0885    
2      2.6818     4.8849      0.1064    
3      2.8236     5.5603      0.1743    
4      2.9427     6.0599      0.1578    
5      3.1468     6.3478      0.0655    
6      3.1636     6.6544      0.1174    
7      3.2821     6.8152      0.1168    
8      3.343      7.0184      0.1425    
9      3.3639     7.3099      0.0181    
10     3.5415     7.3297      0.1871    
11     3.4445     7.5467      0.0908    
12     3.5622     7.6592      0.2067    

整体结果

MAE        3.0325
RMSE       6.5167
MAPE       0.0596
