数据集                 PEMS08
总轮数                   200
平均预测训练时间(s)    7.97
总训练时间              21.35min
学习率                  1.00e-03

多步预测结果

步数    MAE        RMSE        MAPE
1       2.3128     4.0717      0.0576
2       2.6086     4.9577      0.0688
3       2.8109     5.5350      0.0773
4       2.9655     5.9813      0.0843
5       3.0849     6.3256      0.0897
6       3.1856     6.6134      0.0944
7       3.2712     6.8618      0.0983
8       3.3413     7.0650      0.1016
9       3.4001     7.2242      0.1042
10      3.4532     7.3531      0.1063
11      3.5009     7.4621      0.1083
12      3.5496     7.5665      0.1102

整体结果

MAE        3.2324
RMSE       6.6311
MAPE       0.0962
